modularscale.com - for theplaidlab.com Feb 2013 design

/* Modular Scale ---------------------- 16px @ 1:1.618	 1024px @ 1:1.618	 ----------------------*/
Pixels		Ems			Ems @ 16	% of 13
1,024.000	64			64			7,876.923
751.538		46.971		46.971		5,781.062
632.880		39.555		39.555		4,868.308
464.486		29.03		29.03		3,572.969
391.150		24.447		24.447		3,008.846
287.074		17.942		17.942		2,208.262
241.749		15.109		15.109		1,859.608
177.425		11.089		11.089		1,364.808
149.412		9.338		9.338		1,149.323
109.657		6.854		6.854		843.515
92.344		5.772		5.772		710.338
67.773		4.236		4.236		521.331
57.073		3.567		3.567		439.023
41.887		2.618		2.618		322.208
35.274		2.205		2.205		271.338
25.888		1.618		1.618		199.138
21.801		1.363		1.363		167.700
16.000		1			1			123.077
13.474		0.842		0.842		103.646
9.889		0.618		0.618		76.069
8.328		0.521		0.521		64.062
6.112		0.382		0.382		47.015
5.147		0.322		0.322		39.592
3.778		0.236		0.236		29.062
3.181		0.199		0.199		24.469
2.335		0.146		0.146		17.962
1.966		0.123		0.123		15.123
1.443		0.09		0.09		11.100
1.215		0.076		0.076		9.346
Tim Brown · @nicewebtype

